x0=7.796667 y0=7.215000 label="test" xt=1.000000 yt=1.000000 lab_fat=0 lab_color=7 boxit=1 size=0.250000 pointer=1 x_oval=0.000000 y_oval=0.000000 
x0=4.576667 y0=7.388333 label="s" xt=1.000000 yt=1.000000 lab_fat=0 lab_color=7 boxit=1 size=0.250000 pointer=1 x_oval=0.000000 y_oval=0.000000 
